MODEL_NAME=fission
NUM_PARTS=125
STOP_TIME=10.0
ELASTIC_COEFF=1
X_WALL=0, 5.039999999999999
Y_WALL=0, 5.039999999999999
Z_WALL=0, 5.039999999999999
SIM_TYPE=FISSION
THRESHOLD=1
POSITIONS=GIVEN
0.5, 0.5, 0.5
0.5, 0.5, 1.0
0.5, 0.5, 1.5
0.5, 0.5, 2.0
0.5, 0.5, 2.5
0.5, 1.0, 0.5
0.5, 1.0, 1.0
0.5, 1.0, 1.5
0.5, 1.0, 2.0
0.5, 1.0, 2.5
0.5, 1.5, 0.5
0.5, 1.5, 1.0
0.5, 1.5, 1.5
0.5, 1.5, 2.0
0.5, 1.5, 2.5
0.5, 2.0, 0.5
0.5, 2.0, 1.0
0.5, 2.0, 1.5
0.5, 2.0, 2.0
0.5, 2.0, 2.5
0.5, 2.5, 0.5
0.5, 2.5, 1.0
0.5, 2.5, 1.5
0.5, 2.5, 2.0
0.5, 2.5, 2.5
1.0, 0.5, 0.5
1.0, 0.5, 1.0
1.0, 0.5, 1.5
1.0, 0.5, 2.0
1.0, 0.5, 2.5
1.0, 1.0, 0.5
1.0, 1.0, 1.0
1.0, 1.0, 1.5
1.0, 1.0, 2.0
1.0, 1.0, 2.5
1.0, 1.5, 0.5
1.0, 1.5, 1.0
1.0, 1.5, 1.5
1.0, 1.5, 2.0
1.0, 1.5, 2.5
1.0, 2.0, 0.5
1.0, 2.0, 1.0
1.0, 2.0, 1.5
1.0, 2.0, 2.0
1.0, 2.0, 2.5
1.0, 2.5, 0.5
1.0, 2.5, 1.0
1.0, 2.5, 1.5
1.0, 2.5, 2.0
1.0, 2.5, 2.5
1.5, 0.5, 0.5
1.5, 0.5, 1.0
1.5, 0.5, 1.5
1.5, 0.5, 2.0
1.5, 0.5, 2.5
1.5, 1.0, 0.5
1.5, 1.0, 1.0
1.5, 1.0, 1.5
1.5, 1.0, 2.0
1.5, 1.0, 2.5
1.5, 1.5, 0.5
1.5, 1.5, 1.0
1.5, 1.5, 1.5
1.5, 1.5, 2.0
1.5, 1.5, 2.5
1.5, 2.0, 0.5
1.5, 2.0, 1.0
1.5, 2.0, 1.5
1.5, 2.0, 2.0
1.5, 2.0, 2.5
1.5, 2.5, 0.5
1.5, 2.5, 1.0
1.5, 2.5, 1.5
1.5, 2.5, 2.0
1.5, 2.5, 2.5
2.0, 0.5, 0.5
2.0, 0.5, 1.0
2.0, 0.5, 1.5
2.0, 0.5, 2.0
2.0, 0.5, 2.5
2.0, 1.0, 0.5
2.0, 1.0, 1.0
2.0, 1.0, 1.5
2.0, 1.0, 2.0
2.0, 1.0, 2.5
2.0, 1.5, 0.5
2.0, 1.5, 1.0
2.0, 1.5, 1.5
2.0, 1.5, 2.0
2.0, 1.5, 2.5
2.0, 2.0, 0.5
2.0, 2.0, 1.0
2.0, 2.0, 1.5
2.0, 2.0, 2.0
2.0, 2.0, 2.5
2.0, 2.5, 0.5
2.0, 2.5, 1.0
2.0, 2.5, 1.5
2.0, 2.5, 2.0
2.0, 2.5, 2.5
2.5, 0.5, 0.5
2.5, 0.5, 1.0
2.5, 0.5, 1.5
2.5, 0.5, 2.0
2.5, 0.5, 2.5
2.5, 1.0, 0.5
2.5, 1.0, 1.0
2.5, 1.0, 1.5
2.5, 1.0, 2.0
2.5, 1.0, 2.5
2.5, 1.5, 0.5
2.5, 1.5, 1.0
2.5, 1.5, 1.5
2.5, 1.5, 2.0
2.5, 1.5, 2.5
2.5, 2.0, 0.5
2.5, 2.0, 1.0
2.5, 2.0, 1.5
2.5, 2.0, 2.0
2.5, 2.0, 2.5
2.5, 2.5, 0.5
2.5, 2.5, 1.0
2.5, 2.5, 1.5
2.5, 2.5, 2.0
2.5, 2.5, 2.5
VELOCITIES=RANDOM
MASSES=GIVEN
1
1
1
1
1
1
1
1
1
1
1
1
1
1
1
1
1
1
1
1
1
1
1
1
1
1
1
1
1
1
1
1
1
1
1
1
1
1
1
1
1
1
1
1
1
1
1
1
1
1
1
1
1
1
1
1
1
1
1
1
1
1
1
1
1
1
1
1
1
1
1
1
1
1
1
1
1
1
1
1
1
1
1
1
1
1
1
1
1
1
1
1
1
1
1
1
1
1
1
1
1
1
1
1
1
1
1
1
1
1
1
1
1
1
1
1
1
1
1
1
1
1
1
1
1
RADII=GIVEN
0.1
0.1
0.1
0.1
0.1
0.1
0.1
0.1
0.1
0.1
0.1
0.1
0.1
0.1
0.1
0.1
0.1
0.1
0.1
0.1
0.1
0.1
0.1
0.1
0.1
0.1
0.1
0.1
0.1
0.1
0.1
0.1
0.1
0.1
0.1
0.1
0.1
0.1
0.1
0.1
0.1
0.1
0.1
0.1
0.1
0.1
0.1
0.1
0.1
0.1
0.1
0.1
0.1
0.1
0.1
0.1
0.1
0.1
0.1
0.1
0.1
0.1
0.1
0.1
0.1
0.1
0.1
0.1
0.1
0.1
0.1
0.1
0.1
0.1
0.1
0.1
0.1
0.1
0.1
0.1
0.1
0.1
0.1
0.1
0.1
0.1
0.1
0.1
0.1
0.1
0.1
0.1
0.1
0.1
0.1
0.1
0.1
0.1
0.1
0.1
0.1
0.1
0.1
0.1
0.1
0.1
0.1
0.1
0.1
0.1
0.1
0.1
0.1
0.1
0.1
0.1
0.1
0.1
0.1
0.1
0.1
0.1
0.1
0.1
0.1
